_viz_0 = nengo_gui.components.Slider(stim_a)
_viz_config[_viz_0].max_value = 1
_viz_config[_viz_0].min_value = -1
_viz_config[_viz_0].x = 0.1841495126189003
_viz_config[_viz_0].y = 0.1816935251798561
_viz_config[_viz_0].width = 0.04859086491739553
_viz_config[_viz_0].height = 0.11990407673860912
_viz_config[_viz_0].label_visible = True
_viz_1 = nengo_gui.components.Slider(stim_b)
_viz_config[_viz_1].max_value = 1
_viz_config[_viz_1].min_value = -1
_viz_config[_viz_1].x = 0.15693862826515884
_viz_config[_viz_1].y = 0.4985023980815355
_viz_config[_viz_1].width = 0.04859086491739553
_viz_config[_viz_1].height = 0.11990407673860912
_viz_config[_viz_1].label_visible = True
_viz_2 = nengo_gui.components.Value(d)
_viz_config[_viz_2].max_value = 1
_viz_config[_viz_2].min_value = -1
_viz_config[_viz_2].show_legend = False
_viz_config[_viz_2].legend_labels = ['label_0']
_viz_config[_viz_2].synapse = 0.01
_viz_config[_viz_2].x = 0.925118276963752
_viz_config[_viz_2].y = 0.11865911114980783
_viz_config[_viz_2].width = 0.11337868480725624
_viz_config[_viz_2].height = 0.1398880895283773
_viz_config[_viz_2].label_visible = True
_viz_3 = nengo_gui.components.Value(c)
_viz_config[_viz_3].max_value = 2
_viz_config[_viz_3].min_value = -2
_viz_config[_viz_3].show_legend = False
_viz_config[_viz_3].legend_labels = ['label_0', 'label_1']
_viz_config[_viz_3].synapse = 0.01
_viz_config[_viz_3].x = 0.6577654440876922
_viz_config[_viz_3].y = 0.10605744440395971
_viz_config[_viz_3].width = 0.09718172983479106
_viz_config[_viz_3].height = 0.11990407673860912
_viz_config[_viz_3].label_visible = True
_viz_net_graph = nengo_gui.components.NetGraph()
_viz_progress = nengo_gui.components.Progress()
_viz_config[_viz_progress].x = 0
_viz_config[_viz_progress].y = 0
_viz_config[_viz_progress].width = 100
_viz_config[_viz_progress].height = 100
_viz_config[_viz_progress].label_visible = True
_viz_sim_control = nengo_gui.components.SimControl()
_viz_config[_viz_sim_control].shown_time = 0.5
_viz_config[_viz_sim_control].kept_time = 4.0
_viz_config[a].pos=(0.4471362383807376, 0.16722865526383718)
_viz_config[a].size=(0.15151515151515152, 0.10000000000000002)
_viz_config[b].pos=(0.45312672484061883, 0.519383051459803)
_viz_config[b].size=(0.15151515151515152, 0.10000000000000005)
_viz_config[c].pos=(0.6763145879678583, 0.3739725184298854)
_viz_config[c].size=(0.33333333333333337, 0.10000000000000005)
_viz_config[model].pos=(0.09827635894994866, 0.14187594367485087)
_viz_config[model].size=(0.8571428571428571, 0.8571428571428571)
_viz_config[model].expanded=True
_viz_config[model].has_layout=True
_viz_config[stim_a].pos=(0.19696969696969696, 0.2)
_viz_config[stim_a].size=(0.1212121212121212, 0.08000000000000002)
_viz_config[stim_b].pos=(0.19696969696969696, 0.5000000000000001)
_viz_config[stim_b].size=(0.1212121212121212, 0.08000000000000003)